LINE: 
407.77,694,453.77,664
329.77,684,285.77,673
354.77,570,329.77,684
363.77,573,408.77,696
375.77,378,373.77,454
577.77,313,593.77,292
575.77,315,575.77,293
575.77,315,559.77,296
583.77,423,575.77,315
467.77,334,583.77,423
195.77,192,338.77,204
332.77,192,195.77,192
158.77,349,184.77,352
160.77,349,172.77,363
160.77,350,160.77,372
205.77,220,160.77,350
294.77,294,205.77,220
CIRCLE: 
369.77,514,412.77,454
360.77,271,357.77,275
394.77,275,407.77,286
413.77,283,374.77,275
357.77,274,374.77,283
387.77,285,439.77,379
BEZIER: 
336.77,305,349.77,345,377.77,349,411.77,339
449.77,200,488.77,107,396.77,46,332.77,194
