LINE: 
309.77,546,266.77,564
312.77,535,273.77,534
313.77,518,270.77,507
313.77,435,257.77,442
311.77,416,255.77,413
309.77,395,255.77,365
417.77,210,410.77,341
395.77,210,417.77,210
390.77,345,395.77,210
798.77,180,689.77,335
972.77,177,798.77,180
971.77,338,972.77,177
690.77,335,971.77,338
343.77,348,342.77,588
603.77,339,343.77,348
771.77,121,603.77,339
1265.77,122,771.77,121
1264.77,585,1265.77,122
1158.77,584,1264.77,585
713.77,576,965.77,585
341.77,590,593.77,584
CIRCLE: 
645.77,613,651.77,600
1061.77,610,1066.77,587
1061.77,612,1062.77,535
647.77,612,685.77,566
BEZIER: 
412.77,189,455.77,159,424.77,129,458.77,88
402.77,197,383.77,150,416.77,119,391.77,77
341.77,501,320.77,518,313.77,547,341.77,568
342.77,384,315.77,401,315.77,429,342.77,460
963.77,584,1002.77,507,1089.77,454,1158.77,584
592.77,585,604.77,543,695.77,517,714.77,579
