LINE: 
255.106666666667,659,229.106666666667,687
257.106666666667,660,216.106666666667,660
253.106666666667,658,226.106666666667,633
425.106666666667,676,253.106666666667,658
649.106666666667,624,680.106666666667,645
648.106666666667,623,690.106666666667,620
647.106666666667,623,672.106666666667,585
422.106666666667,676,646.106666666667,623
432.106666666667,744,576.106666666667,874
430.106666666667,746,311.106666666667,893
412.106666666667,581,432.106666666667,746
433.106666666667,264,482.106666666667,246
332.106666666667,250,376.106666666667,264
CIRCLE: 
422.106666666667,372,540.106666666667,202
462.106666666667,299,473.106666666667,309
369.106666666667,306,371.106666666667,310
468.106666666667,304,496.106666666667,329
374.106666666667,310,390.106666666667,338
BEZIER: 
252.106666666667,232,108.106666666667,200,401.106666666667,69,627.106666666667,236
357.106666666667,215,95.1066666666667,265,528.106666666667,97,604.106666666667,204
393.106666666667,385,331.106666666667,464,480.106666666667,538,399.106666666667,393
