LINE: 
70.77,334,82.77,343
39.77,198,70.77,334
84.77,345,103.77,338
53.77,203,84.77,345
54.77,201,70.77,186
38.77,198,54.77,201
68.77,172,38.77,198
263.77,202,240.77,183
234.77,342,227.77,343
264.77,203,235.77,342
253.77,205,264.77,203
226.77,345,213.77,339
252.77,205,227.77,345
237.77,191,252.77,205
149.77,39,163.77,35
144.77,65,156.77,59
134.77,97,151.77,87
167.77,26,146.77,107
152.77,23,167.77,26
134.77,107,152.77,23
209.77,358,247.77,141
62.77,134,107.77,353
275.77,113,31.77,106
258.77,142,275.77,113
50.77,134,258.77,142
32.77,106,50.77,134
61.77,136,106.77,350
209.77,356,247.77,141
CIRCLE: 
182.77,233,190.77,244
112.77,229,118.77,235
183.77,237,147.77,230
117.77,231,148.77,239
BEZIER: 
156.77,421,234.77,408,270.77,369,238.77,330
65.77,324,26.77,371,110.77,435,156.77,421
108.77,283,130.77,324,178.77,322,205.77,289
89.77,267,134.77,286,181.77,287,221.77,277
70.77,170,122.77,196,177.77,197,239.77,180
107.77,352,134.77,373,181.77,378,208.77,357
