LINE: 
757.77,854,738.77,865
759.77,855,729.77,856
757.77,854,742.77,838
815.77,878,757.77,854
886.77,856,908.77,862
885.77,856,911.77,847
886.77,857,905.77,831
813.77,878,886.77,857
827.77,924,856.77,927
810.77,907,827.77,924
778.77,929,758.77,927
811.77,909,778.77,929
820.77,825,811.77,909
286.77,308,678.77,271
629.77,311,286.77,308
1545.77,225,1538.77,288
1499.77,210,1468.77,248
1492.77,168,1401.77,183
1632.77,952,134.77,931
1663.77,71,1632.77,952
114.77,70,1663.77,71
137.77,933,114.77,70
727.947,366.3,777.447,376.2
812.647,367.4,886.347,339.9
CIRCLE: 
1534.77,181,1578.77,155
770.847,422.4,796.147,452.1
869.847,429,802.747,424.6
861.047,420.2,872.047,436.7
777.447,424.6,767.547,432.3
812.647,535.7,1101.947,599.5
BEZIER: 
680.77,270,719.77,135,988.77,114,975.77,295
691.647,675.4,759.847,550,908.347,512.6,1013.947,642.4
